id = 85030
Training data: Percipitation_average_14d, CloudCover_average_13d, Sun_duration_average_7d
Regressor, mse, R2 
LinearRegression(): 0.0023645154280125774  0.240484116049128
DecisionTreeRegressor(): 0.00367356705620476  -0.18000182908145512
RandomForestRegressor(): 0.0027438757806220277  0.11862819151821447
SVR(): 0.004624689193920393  -0.48551574648461515
MLPRegressor(): 0.003738139910748424  -0.2007435455942479
GradientBoostingRegressor(): 0.0025518558669040247  0.18030771061794082
