id = 85065
Training data: Percipitation_average_3d, CloudCover_average_4d, Sun_duration_shift_2d
Regressor, mse, R2 
LinearRegression(): 0.0008038802941967928  0.5770528004050703
DecisionTreeRegressor(): 0.0012521146355036878  0.3412223405883512
RandomForestRegressor(): 0.0009494346061539899  0.5004720096136086
SVR(): 0.006847668836253472  -2.6027781486305175
MLPRegressor(): 0.007045197569494702  -2.7067043490449536
GradientBoostingRegressor(): 0.0007837356609182709  0.5876515379204994
