id = 85064
Training data: Percipitation_average_3d, CloudCover_shift_2d, Sun_duration_shift_2d
Regressor, mse, R2 
LinearRegression(): 0.0011264846883136186  0.5867717018438708
DecisionTreeRegressor(): 0.0017756435202034224  0.34864081367669664
RandomForestRegressor(): 0.0013184040780012426  0.5163699257642473
GradientBoostingRegressor(): 0.0010333300206891477  0.6209436219481617
SVR(): 0.006904448214847009  -1.532758247961231
MLPRegressor(): 0.005194625879251319  -0.9055442421097468
